1.561090797185897827e-01 4.587774574756622314e-01 -8.409901261329650879e-01 -0.000000000000000000e+00 -0.000000000000000000e+00 -6.810794472694396973e-01 7.322095036506652832e-01
2.347402125597000122e-01 4.655289351940155029e-01 -8.478446006774902344e-01 -2.790164388716220856e-02 -3.585772216320037842e-02 -7.137838006019592285e-01 6.988909840583801270e-01
3.764694929122924805e-01 4.777249693870544434e-01 -8.602110743522644043e-01 -2.464560419321060181e-02 2.697503007948398590e-02 -7.061716914176940918e-01 7.070972323417663574e-01
6.000813245773315430e-01 4.971623122692108154e-01 -8.798071742057800293e-01 1.698573492467403412e-02 7.061646878719329834e-02 -6.754974722862243652e-01 7.337765097618103027e-01
8.196736574172973633e-01 5.168153047561645508e-01 -8.992969989776611328e-01 -1.527478545904159546e-02 2.618975192308425903e-02 -7.267335653305053711e-01 6.862500905990600586e-01
1.162869691848754883e+00 5.515859723091125488e-01 -9.312412142753601074e-01 -3.490225970745086670e-02 -9.052385389804840088e-02 -7.315095663070678711e-01 6.748932600021362305e-01
1.356005549430847168e+00 5.633866786956787109e-01 -9.441779851913452148e-01 -4.278406500816345215e-02 -1.993366777896881104e-01 -7.410478591918945312e-01 6.397519111633300781e-01
1.654716134071350098e+00 5.725483298301696777e-01 -9.644340276718139648e-01 -4.997030645608901978e-02 -1.779059767723083496e-01 -7.270461320877075195e-01 6.612537503242492676e-01
2.078931093215942383e+00 5.792320370674133301e-01 -1.033042073249816895e+00 -5.130130797624588013e-02 -1.927273124456405640e-01 -7.334605455398559570e-01 6.498153209686279297e-01
2.458927869796752930e+00 5.688042044639587402e-01 -1.230038523674011230e+00 -5.041699856519699097e-02 -2.022997289896011353e-01 -7.393291592597961426e-01 6.402540206909179688e-01
2.662879228591918945e+00 4.764355421066284180e-01 -1.586632013320922852e+00 -1.821682602167129517e-02 -2.409677505493164062e-01 -7.659757137298583984e-01 5.957211852073669434e-01
2.683510065078735352e+00 3.567668199539184570e-01 -1.833543300628662109e+00 4.012947529554367065e-02 -3.141290843486785889e-01 -7.983614206314086914e-01 5.121830701828002930e-01
2.662576436996459961e+00 2.378814965486526489e-01 -2.001908779144287109e+00 3.624580800533294678e-02 -1.953220069408416748e-01 -8.044790029525756836e-01 5.597758293151855469e-01
2.638569831848144531e+00 1.862676888704299927e-01 -2.049228429794311523e+00 4.525071382522583008e-02 -2.550156116485595703e-01 -8.058193325996398926e-01 5.325173139572143555e-01
2.566206693649291992e+00 8.925411105155944824e-02 -2.122864484786987305e+00 7.916805148124694824e-02 -1.925992220640182495e-01 -7.794540524482727051e-01 5.908378362655639648e-01
2.324106454849243164e+00 -9.260501712560653687e-02 -2.226129293441772461e+00 1.129844933748245239e-01 -2.687651216983795166e-01 -8.152422904968261719e-01 5.003796815872192383e-01
1.948599934577941895e+00 -2.300431728363037109e-01 -2.291466712951660156e+00 1.286165863275527954e-01 -2.407198697328567505e-01 -8.046479225158691406e-01 5.273078083992004395e-01
1.639033675193786621e+00 -2.974125444889068604e-01 -2.331675291061401367e+00 6.238838657736778259e-02 -1.646682620048522949e-01 -7.811017632484436035e-01 5.990592837333679199e-01
1.374210000038146973e+00 -3.374691307544708252e-01 -2.361533641815185547e+00 6.801645457744598389e-02 -1.697576045989990234e-01 -7.820609211921691895e-01 5.957657694816589355e-01
9.295205473899841309e-01 -3.526981174945831299e-01 -2.398064613342285156e+00 7.062245905399322510e-02 -1.431258320808410645e-01 -7.775303721427917480e-01 6.082547903060913086e-01
6.432142257690429688e-01 -3.086966872215270996e-01 -2.410681486129760742e+00 5.879520252346992493e-02 -9.447484463453292847e-02 -7.752411365509033203e-01 6.217867732048034668e-01
5.081133246421813965e-01 -2.777024507522583008e-01 -2.415737152099609375e+00 5.737823992967605591e-02 9.702915325760841370e-03 -7.745463252067565918e-01 6.298344731330871582e-01
4.700699746608734131e-01 -2.684390842914581299e-01 -2.417217254638671875e+00 9.480768442153930664e-02 1.151895821094512939e-01 -7.615724205970764160e-01 6.306744813919067383e-01
2.883873581886291504e-01 -2.222831100225448608e-01 -2.424514770507812500e+00 8.599369972944259644e-02 1.416790038347244263e-01 -7.472947239875793457e-01 6.434926986694335938e-01
2.297734767198562622e-01 -2.068857401609420776e-01 -2.426908493041992188e+00 7.242742180824279785e-02 1.590543091297149658e-01 -7.303243279457092285e-01 6.603654623031616211e-01
9.904487431049346924e-02 -1.719190329313278198e-01 -2.432245731353759766e+00 6.137349456548690796e-02 2.750982642173767090e-01 -6.770102381706237793e-01 6.798613071441650391e-01
-2.225532568991184235e-02 -1.388805955648422241e-01 -2.437113523483276367e+00 7.439625263214111328e-02 2.185088396072387695e-01 -6.978529095649719238e-01 6.780267953872680664e-01
-8.771506696939468384e-02 -1.208800897002220154e-01 -2.439655780792236328e+00 5.815458297729492188e-02 1.643013209104537964e-01 -7.392421960830688477e-01 6.504952311515808105e-01
-3.076740205287933350e-01 -6.062175706028938293e-02 -2.446135759353637695e+00 8.925960958003997803e-02 2.272728383541107178e-01 -7.079379558563232422e-01 6.627241969108581543e-01
-3.376113176345825195e-01 -5.515937507152557373e-02 -2.443873643875122070e+00 1.056611910462379456e-01 3.017641901969909668e-01 -6.873387098312377930e-01 6.521806716918945312e-01
-2.538817524909973145e-01 -9.188674390316009521e-02 -2.438052415847778320e+00 1.346561759710311890e-01 2.480879127979278564e-01 -7.076739072799682617e-01 6.477019190788269043e-01
-1.045411676168441772e-01 -1.207794547080993652e-01 -2.437500953674316406e+00 1.367887556552886963e-01 2.450821995735168457e-01 -7.087467312812805176e-01 6.472260951995849609e-01
9.450019896030426025e-02 -1.399195790290832520e-01 -2.437499523162841797e+00 1.299640238285064697e-01 3.384321928024291992e-01 -6.623586416244506836e-01 6.556324958801269531e-01
4.297422766685485840e-01 -1.575316041707992554e-01 -2.437500000000000000e+00 1.733281612396240234e-01 2.817193269729614258e-01 -6.938098669052124023e-01 6.397026777267456055e-01
5.693166851997375488e-01 -1.606874167919158936e-01 -2.437499523162841797e+00 1.720221787691116333e-01 2.881442904472351074e-01 -6.908038258552551270e-01 6.404462456703186035e-01
7.401825785636901855e-01 -1.601389795541763306e-01 -2.437498331069946289e+00 1.811244338750839233e-01 3.061876893043518066e-01 -6.855173110961914062e-01 6.352236270904541016e-01
8.921460509300231934e-01 -1.527868360280990601e-01 -2.437506437301635742e+00 1.604010462760925293e-01 2.698826193809509277e-01 -6.985870003700256348e-01 6.429704427719116211e-01
1.042351245880126953e+00 -1.357860714197158813e-01 -2.436681509017944336e+00 1.618958413600921631e-01 2.357876896858215332e-01 -7.187491059303283691e-01 6.337142586708068848e-01
1.067288517951965332e+00 -1.319958716630935669e-01 -2.436289072036743164e+00 1.701376885175704956e-01 1.224687620997428894e-01 -7.405235767364501953e-01 6.384978294372558594e-01
1.257905721664428711e+00 -9.859073162078857422e-02 -2.427794218063354492e+00 1.506541371345520020e-01 1.458246409893035889e-01 -7.419739961624145508e-01 6.367990970611572266e-01
1.337210774421691895e+00 -8.642535656690597534e-02 -2.420469045639038086e+00 1.543159037828445435e-01 1.562973707914352417e-01 -7.376140356063842773e-01 6.385007500648498535e-01
1.375182271003723145e+00 -8.182613551616668701e-02 -2.416165828704833984e+00 1.532682180404663086e-01 1.602881848812103271e-01 -7.352033853530883789e-01 6.405408978462219238e-01
1.474609613418579102e+00 -7.346088439226150513e-02 -2.403150081634521484e+00 2.058699876070022583e-01 1.051375418901443481e-01 -7.718679308891296387e-01 5.922697782516479492e-01
1.711210250854492188e+00 -6.783439218997955322e-02 -2.368343830108642578e+00 2.559843063354492188e-01 2.481757104396820068e-02 -7.933016419410705566e-01 5.518412590026855469e-01
1.941954493522644043e+00 -7.692462950944900513e-02 -2.337432622909545898e+00 2.625547349452972412e-01 -2.483900636434555054e-02 -8.222486972808837891e-01 5.043362975120544434e-01
2.008403539657592773e+00 -8.223880827426910400e-02 -2.330708503723144531e+00 2.794171273708343506e-01 -7.383216172456741333e-02 -8.297672867774963379e-01 4.774526953697204590e-01
2.008986949920654297e+00 -8.228912204504013062e-02 -2.330653905868530273e+00 2.857248783111572266e-01 2.075697481632232666e-02 -8.357250690460205078e-01 4.685018956661224365e-01
2.069845438003540039e+00 -8.752589672803878784e-02 -2.325165748596191406e+00 2.736295759677886963e-01 -4.265012592077255249e-02 -8.610174059867858887e-01 4.265638887882232666e-01
2.147418975830078125e+00 -9.298685193061828613e-02 -2.317981719970703125e+00 2.896105051040649414e-01 -1.229477152228355408e-01 -8.710943460464477539e-01 3.770996034145355225e-01
2.214433431625366211e+00 -9.448082000017166138e-02 -2.310262203216552734e+00 3.122722208499908447e-01 -1.932075917720794678e-01 -8.597202897071838379e-01 3.550182282924652100e-01
2.252330064773559570e+00 -9.288671612739562988e-02 -2.304568052291870117e+00 3.367564380168914795e-01 -2.157009690999984741e-01 -8.543167114257812500e-01 3.319807648658752441e-01
2.263784170150756836e+00 -9.192024171352386475e-02 -2.302570343017578125e+00 3.631381392478942871e-01 -2.967475354671478271e-01 -8.265731334686279297e-01 3.112050294876098633e-01
2.321396827697753906e+00 -8.237453550100326538e-02 -2.289770126342773438e+00 3.629406094551086426e-01 -2.958271801471710205e-01 -8.268463611602783203e-01 3.115852475166320801e-01
2.391261816024780273e+00 -5.470393970608711243e-02 -2.264516592025756836e+00 3.689768910408020020e-01 -3.304406702518463135e-01 -8.167875409126281738e-01 2.958432137966156006e-01
2.454441070556640625e+00 -1.541595440357923508e-03 -2.224201917648315430e+00 3.734368383884429932e-01 -3.197724223136901855e-01 -8.137985467910766602e-01 3.098747730255126953e-01
2.556463479995727539e+00 1.827107965946197510e-01 -2.089809417724609375e+00 3.728311061859130859e-01 -3.168151974678039551e-01 -8.151358366012573242e-01 3.101266920566558838e-01
2.600146770477294922e+00 4.614804685115814209e-01 -1.820241928100585938e+00 3.706210851669311523e-01 -3.293257355690002441e-01 -8.144553899765014648e-01 3.014081716537475586e-01
2.512854814529418945e+00 6.258555650711059570e-01 -1.504947066307067871e+00 3.303679823875427246e-01 -2.579796910285949707e-01 -8.486816883087158203e-01 3.225568830966949463e-01
2.341210603713989258e+00 6.245675683021545410e-01 -1.315287590026855469e+00 3.528736233711242676e-01 -3.034219145774841309e-01 -8.244245052337646484e-01 3.220863342285156250e-01
2.222181081771850586e+00 6.133738756179809570e-01 -1.236325621604919434e+00 3.709659576416015625e-01 -3.339055776596069336e-01 -8.110256791114807129e-01 3.051701188087463379e-01
1.978485822677612305e+00 5.964735150337219238e-01 -1.115563273429870605e+00 3.705467283725738525e-01 -3.337007462978363037e-01 -8.112051486968994141e-01 3.054261803627014160e-01
1.594623208045959473e+00 5.739911794662475586e-01 -9.699615836143493652e-01 3.661164343357086182e-01 -2.875119149684906006e-01 -8.329255580902099609e-01 2.992168068885803223e-01
1.393028020858764648e+00 5.590515732765197754e-01 -9.083694219589233398e-01 3.503985106945037842e-01 -2.409515380859375000e-01 -8.363118767738342285e-01 3.460428714752197266e-01
1.113112092018127441e+00 5.273417830467224121e-01 -8.461952209472656250e-01 3.797934651374816895e-01 -3.039070367813110352e-01 -8.111460208892822266e-01 3.247145116329193115e-01
6.714598536491394043e-01 4.474098980426788330e-01 -8.262245655059814453e-01 3.533176481723785400e-01 -2.103779017925262451e-01 -8.437979817390441895e-01 3.448370695114135742e-01
1.561244875192642212e-01 4.587753117084503174e-01 -8.409900665283203125e-01 3.477126061916351318e-01 -1.759426444768905640e-01 -8.519639372825622559e-01 3.497107923030853271e-01
