0.156109 0.458777 -0.840990 0.000000 0.000000 -0.681079 0.732210
0.234740 0.465529 -0.847845 0.027902 0.035858 0.713784 -0.698891
0.376469 0.477725 -0.860211 -0.024646 0.026975 -0.706172 0.707097
0.600081 0.497162 -0.879807 0.016986 0.070616 -0.675497 0.733777
0.819674 0.516815 -0.899297 0.015275 -0.026190 0.726734 -0.686250
1.162870 0.551586 -0.931241 0.034902 0.090524 0.731510 -0.674893
1.356006 0.563387 -0.944178 0.042784 0.199337 0.741048 -0.639752
1.654716 0.572548 -0.964434 0.049970 0.177906 0.727046 -0.661254
2.078931 0.579232 -1.033042 0.051301 0.192727 0.733461 -0.649815
2.458928 0.568804 -1.230039 0.050417 0.202300 0.739329 -0.640254
2.662879 0.476436 -1.586632 0.018217 0.240968 0.765976 -0.595721
2.683510 0.356767 -1.833543 -0.040129 0.314129 0.798361 -0.512183
2.662576 0.237881 -2.001909 -0.036246 0.195322 0.804479 -0.559776
2.638570 0.186268 -2.049228 -0.045251 0.255016 0.805819 -0.532517
2.566207 0.089254 -2.122864 -0.079168 0.192599 0.779454 -0.590838
2.324106 -0.092605 -2.226129 -0.112984 0.268765 0.815242 -0.500380
1.948600 -0.230043 -2.291467 -0.128617 0.240720 0.804648 -0.527308
1.639034 -0.297413 -2.331675 -0.062388 0.164668 0.781102 -0.599059
1.374210 -0.337469 -2.361534 -0.068016 0.169758 0.782061 -0.595766
0.929521 -0.352698 -2.398065 -0.070622 0.143126 0.777530 -0.608255
0.643214 -0.308697 -2.410681 -0.058795 0.094475 0.775241 -0.621787
0.508113 -0.277702 -2.415737 -0.057378 -0.009703 0.774546 -0.629835
0.470070 -0.268439 -2.417217 -0.094808 -0.115190 0.761572 -0.630674
0.288387 -0.222283 -2.424515 -0.085994 -0.141679 0.747295 -0.643493
0.229773 -0.206886 -2.426908 -0.072427 -0.159054 0.730324 -0.660365
0.099045 -0.171919 -2.432246 0.061373 0.275098 -0.677010 0.679861
-0.022255 -0.138881 -2.437114 -0.074396 -0.218509 0.697853 -0.678027
-0.087715 -0.120880 -2.439656 -0.058155 -0.164301 0.739242 -0.650495
-0.307674 -0.060622 -2.446136 -0.089260 -0.227273 0.707938 -0.662724
-0.337611 -0.055159 -2.443874 -0.105661 -0.301764 0.687339 -0.652181
-0.253882 -0.091887 -2.438052 -0.134656 -0.248088 0.707674 -0.647702
-0.104541 -0.120779 -2.437501 -0.136789 -0.245082 0.708747 -0.647226
0.094500 -0.139920 -2.437500 -0.129964 -0.338432 0.662359 -0.655633
0.429742 -0.157532 -2.437500 -0.173328 -0.281719 0.693810 -0.639703
0.569317 -0.160687 -2.437500 -0.172022 -0.288144 0.690804 -0.640446
0.740183 -0.160139 -2.437498 -0.181124 -0.306188 0.685517 -0.635224
0.892146 -0.152787 -2.437506 -0.160401 -0.269883 0.698587 -0.642970
1.042351 -0.135786 -2.436682 -0.161896 -0.235788 0.718749 -0.633714
1.067289 -0.131996 -2.436289 -0.170138 -0.122469 0.740524 -0.638498
1.257906 -0.098591 -2.427794 -0.150654 -0.145825 0.741974 -0.636799
1.337211 -0.086425 -2.420469 -0.154316 -0.156297 0.737614 -0.638501
1.375182 -0.081826 -2.416166 -0.153268 -0.160288 0.735203 -0.640541
1.474610 -0.073461 -2.403150 -0.205870 -0.105138 0.771868 -0.592270
1.711210 -0.067834 -2.368344 -0.255984 -0.024818 0.793302 -0.551841
1.941954 -0.076925 -2.337433 -0.262555 0.024839 0.822249 -0.504336
2.008404 -0.082239 -2.330709 -0.279417 0.073832 0.829767 -0.477453
2.008987 -0.082289 -2.330654 -0.285725 -0.020757 0.835725 -0.468502
2.069845 -0.087526 -2.325166 -0.273630 0.042650 0.861017 -0.426564
2.147419 -0.092987 -2.317982 -0.289611 0.122948 0.871094 -0.377100
2.214433 -0.094481 -2.310262 -0.312272 0.193208 0.859720 -0.355018
2.252330 -0.092887 -2.304568 -0.336756 0.215701 0.854317 -0.331981
2.263784 -0.091920 -2.302570 -0.363138 0.296748 0.826573 -0.311205
2.321397 -0.082375 -2.289770 -0.362941 0.295827 0.826846 -0.311585
2.391262 -0.054704 -2.264517 -0.368977 0.330441 0.816788 -0.295843
2.454441 -0.001542 -2.224202 -0.373437 0.319772 0.813799 -0.309875
2.556463 0.182711 -2.089809 -0.372831 0.316815 0.815136 -0.310127
2.600147 0.461480 -1.820242 -0.370621 0.329326 0.814455 -0.301408
2.512855 0.625856 -1.504947 -0.330368 0.257980 0.848682 -0.322557
2.341211 0.624568 -1.315288 -0.352874 0.303422 0.824424 -0.322086
2.222181 0.613374 -1.236326 -0.370966 0.333906 0.811026 -0.305170
1.978486 0.596474 -1.115563 -0.370547 0.333701 0.811205 -0.305426
1.594623 0.573991 -0.969962 -0.366116 0.287512 0.832926 -0.299217
1.393028 0.559052 -0.908369 -0.350399 0.240952 0.836312 -0.346043
1.113112 0.527342 -0.846195 -0.379793 0.303907 0.811146 -0.324715
0.671460 0.447410 -0.826225 -0.353318 0.210378 0.843798 -0.344837
0.156124 0.458775 -0.840990 -0.347713 0.175943 0.851964 -0.349711
