-2.429548072814941406e+01 4.694461345672607422e+00 2.412881612777709961e+00 -3.730384409427642822e-01 2.308612465858459473e-01 -6.767908930778503418e-01 5.911847352981567383e-01
-2.428551292419433594e+01 4.957648277282714844e+00 2.443531036376953125e+00 -3.653171956539154053e-01 1.699545979499816895e-01 -7.346403002738952637e-01 5.458591580390930176e-01
-2.427940368652343750e+01 5.070837497711181641e+00 2.458037853240966797e+00 -3.566294312477111816e-01 1.510758697986602783e-01 -7.574993968009948730e-01 5.255342125892639160e-01
-2.425607299804687500e+01 5.347510814666748047e+00 2.496770381927490234e+00 -3.585084974765777588e-01 1.714490205049514771e-01 -7.229835391044616699e-01 5.651298165321350098e-01
-2.419990348815917969e+01 5.685876369476318359e+00 2.551636934280395508e+00 -3.278611898422241211e-01 1.581784784793853760e-01 -7.694671750068664551e-01 5.247920751571655273e-01
-2.411205291748046875e+01 6.025687217712402344e+00 2.615226745605468750e+00 -2.908254861831665039e-01 2.040458321571350098e-01 -7.044932246208190918e-01 6.143900156021118164e-01
-2.405752563476562500e+01 6.231096744537353516e+00 2.655187606811523438e+00 -2.544496655464172363e-01 2.894208431243896484e-01 -6.403779983520507812e-01 6.643846035003662109e-01
-2.397006988525390625e+01 6.598322391510009766e+00 2.726103544235229492e+00 -2.710715234279632568e-01 3.387160897254943848e-01 -5.854949951171875000e-01 6.848264336585998535e-01
-2.388270378112792969e+01 7.038850784301757812e+00 2.808996200561523438e+00 -2.648947238922119141e-01 2.656719088554382324e-01 -6.333671212196350098e-01 6.768273711204528809e-01
-2.380300521850585938e+01 7.524369239807128906e+00 2.897756814956665039e+00 -2.712994813919067383e-01 2.529203593730926514e-01 -6.486453413963317871e-01 6.645954847335815430e-01
-2.373828887939453125e+01 7.979819774627685547e+00 2.978645563125610352e+00 -2.189236730337142944e-01 2.049593925476074219e-01 -6.976170539855957031e-01 6.506876349449157715e-01
-2.367514801025390625e+01 8.491662979125976562e+00 3.066506862640380859e+00 -1.884531974792480469e-01 1.586346179246902466e-01 -7.630907893180847168e-01 5.975055694580078125e-01
-2.362417411804199219e+01 8.981951713562011719e+00 3.147019863128662109e+00 -1.866976618766784668e-01 1.485112458467483521e-01 -7.690629959106445312e-01 5.929845571517944336e-01
-2.357459449768066406e+01 9.617865562438964844e+00 3.244172573089599609e+00 -1.700248718261718750e-01 4.996994882822036743e-02 -8.125922083854675293e-01 5.552371144294738770e-01
-2.355370521545410156e+01 1.035256576538085938e+01 3.338807582855224609e+00 -1.901516616344451904e-01 9.071107208728790283e-02 -7.811664342880249023e-01 5.877013206481933594e-01
-2.361056137084960938e+01 1.099395465850830078e+01 3.362942934036254883e+00 -2.221457362174987793e-01 1.110737025737762451e-01 -6.960833668708801270e-01 6.736333966255187988e-01
-2.368721199035644531e+01 1.152286434173583984e+01 3.292631864547729492e+00 -1.479399204254150391e-01 5.662972107529640198e-02 -7.488536834716796875e-01 6.435253620147705078e-01
-2.377375030517578125e+01 1.194496822357177734e+01 3.159638404846191406e+00 -1.299560517072677612e-01 -3.707280009984970093e-02 -7.683458924293518066e-01 6.256050467491149902e-01
-2.380575942993164062e+01 1.218837356567382812e+01 2.966343879699707031e+00 -1.627038121223449707e-01 4.267555102705955505e-02 -7.083941698074340820e-01 6.854808330535888672e-01
-2.381836128234863281e+01 1.233591270446777344e+01 2.816756725311279297e+00 -1.563161313533782959e-01 3.980861976742744446e-02 -7.209230065345764160e-01 6.739810109138488770e-01
-2.383643722534179688e+01 1.258201599121093750e+01 2.525557756423950195e+00 -1.703233718872070312e-01 6.105277314782142639e-02 -7.064986824989318848e-01 6.841945052146911621e-01
-2.386236763000488281e+01 1.279431343078613281e+01 2.257534742355346680e+00 -1.340316832065582275e-01 3.113074973225593567e-02 -7.331109046936035156e-01 6.660441756248474121e-01
-2.388689613342285156e+01 1.290974044799804688e+01 2.118979215621948242e+00 -1.130459308624267578e-01 6.749047338962554932e-02 -7.146789431571960449e-01 6.869496107101440430e-01
-2.391420555114746094e+01 1.300538158416748047e+01 2.010388135910034180e+00 -1.019481122493743896e-01 5.263254791498184204e-02 -7.224088311195373535e-01 6.818811893463134766e-01
-2.391963386535644531e+01 1.302202701568603516e+01 1.992030739784240723e+00 -9.806597977876663208e-02 2.294762432575225830e-02 -7.511248588562011719e-01 6.524322628974914551e-01
-2.393565559387207031e+01 1.306780529022216797e+01 1.942404866218566895e+00 -3.051300160586833954e-02 -2.752629108726978302e-02 -8.129934072494506836e-01 5.808209776878356934e-01
-2.394851493835449219e+01 1.310148811340332031e+01 1.906696557998657227e+00 -4.525003209710121155e-02 -2.458972856402397156e-03 -7.893820405006408691e-01 6.122273206710815430e-01
-2.399374961853027344e+01 1.320426082611083984e+01 1.801920771598815918e+00 -7.698982208967208862e-02 3.101636283099651337e-02 -7.599669098854064941e-01 6.446401476860046387e-01
-2.403225708007812500e+01 1.327762699127197266e+01 1.731133937835693359e+00 -7.764281332492828369e-02 1.507780700922012329e-02 -7.650074958801269531e-01 6.391460895538330078e-01
-2.410442161560058594e+01 1.339134120941162109e+01 1.628547310829162598e+00 -6.950126588344573975e-02 5.738975480198860168e-02 -7.494495511054992676e-01 6.558973193168640137e-01
-2.428468894958496094e+01 1.358930778503417969e+01 1.475970625877380371e+00 -6.472621858119964600e-02 2.418526075780391693e-02 -7.680203914642333984e-01 6.366869807243347168e-01
-2.448009681701660156e+01 1.372557926177978516e+01 1.400382161140441895e+00 -1.005441099405288696e-01 -4.479973763227462769e-02 -7.686791419982910156e-01 6.300922632217407227e-01
-2.474404716491699219e+01 1.384875583648681641e+01 1.364866256713867188e+00 -1.201223507523536682e-01 -1.562135517597198486e-01 -7.689500451087951660e-01 6.081807017326354980e-01
-2.500554466247558594e+01 1.393694591522216797e+01 1.362136244773864746e+00 -1.297070533037185669e-01 -1.187638267874717712e-01 -7.521978020668029785e-01 6.350350975990295410e-01
-2.528873443603515625e+01 1.400094127655029297e+01 1.367716670036315918e+00 -1.591541767120361328e-01 -7.921905815601348877e-02 -7.322520613670349121e-01 6.574199795722961426e-01
-2.542225265502929688e+01 1.401931953430175781e+01 1.368598341941833496e+00 -1.719840466976165771e-01 -1.197206750512123108e-01 -7.652912735939025879e-01 6.086196303367614746e-01
-2.552319526672363281e+01 1.402871417999267578e+01 1.367746233940124512e+00 -1.996172666549682617e-01 -6.875956803560256958e-02 -7.126063704490661621e-01 6.690419912338256836e-01
-2.571477508544921875e+01 1.403740596771240234e+01 1.362100362777709961e+00 -2.093819677829742432e-01 -1.496964693069458008e-01 -7.237703204154968262e-01 6.402394771575927734e-01
-2.604713821411132812e+01 1.403158378601074219e+01 1.340795159339904785e+00 -2.165793925523757935e-01 -1.545548737049102783e-01 -7.329887747764587402e-01 6.260459423065185547e-01
-2.650257492065429688e+01 1.403469181060791016e+01 1.316704630851745605e+00 -2.036446332931518555e-01 -1.241982877254486084e-01 -7.163203358650207520e-01 6.557352542877197266e-01
-2.676838493347167969e+01 1.406636905670166016e+01 1.318535566329956055e+00 -2.033159434795379639e-01 -1.249254643917083740e-01 -7.168544530868530273e-01 6.551152467727661133e-01
-2.713994026184082031e+01 1.418129730224609375e+01 1.359124422073364258e+00 -1.690253615379333496e-01 -3.856340795755386353e-02 -7.116497159004211426e-01 6.808067560195922852e-01
-2.741761970520019531e+01 1.435465145111083984e+01 1.436764359474182129e+00 -1.645412296056747437e-01 -2.593807876110076904e-02 -6.967744231224060059e-01 6.976809501647949219e-01
-2.760452842712402344e+01 1.451812934875488281e+01 1.514911293983459473e+00 -1.699839234352111816e-01 1.914134621620178223e-02 -6.760023236274719238e-01 7.167706489562988281e-01
-2.781909942626953125e+01 1.475109386444091797e+01 1.630669236183166504e+00 -1.471157222986221313e-01 6.024161726236343384e-02 -6.556178331375122070e-01 7.381687760353088379e-01
-2.797031402587890625e+01 1.494316005706787109e+01 1.729185700416564941e+00 -1.668936908245086670e-01 1.193954795598983765e-02 -6.615725755691528320e-01 7.309758663177490234e-01
-2.811454010009765625e+01 1.514607143402099609e+01 1.836322188377380371e+00 -1.573498845100402832e-01 1.769809424877166748e-02 -5.989419817924499512e-01 7.849817276000976562e-01
-2.817871856689453125e+01 1.524189662933349609e+01 1.888152122497558594e+00 -1.454160213470458984e-01 -6.269045174121856689e-03 -6.064689159393310547e-01 7.816714048385620117e-01
-2.828690528869628906e+01 1.540859699249267578e+01 1.981003403663635254e+00 -1.597377657890319824e-01 -6.927654147148132324e-02 -6.495133638381958008e-01 7.401465773582458496e-01
-2.841222190856933594e+01 1.561288166046142578e+01 2.098875045776367188e+00 -1.769430637359619141e-01 -4.589610546827316284e-02 -6.360946297645568848e-01 7.496454715728759766e-01
-2.849122047424316406e+01 1.575639724731445312e+01 2.181890249252319336e+00 -1.783445775508880615e-01 -3.353596478700637817e-02 -6.231749057769775391e-01 7.607375383377075195e-01
-2.855809020996093750e+01 1.589773368835449219e+01 2.260830402374267578e+00 -1.503087282180786133e-01 1.045454666018486023e-02 -5.471708178520202637e-01 8.233481049537658691e-01
-2.855981636047363281e+01 1.590178680419921875e+01 2.263019800186157227e+00 -1.556604355573654175e-01 4.257947206497192383e-03 -5.502205491065979004e-01 8.203713297843933105e-01
-2.858740615844726562e+01 1.597072029113769531e+01 2.299444437026977539e+00 -1.969014108180999756e-01 -4.621971398591995239e-02 -5.565611720085144043e-01 8.058121204376220703e-01
-2.859770965576171875e+01 1.599893379211425781e+01 2.313854217529296875e+00 -2.101016938686370850e-01 -1.020892634987831116e-01 -6.010305285453796387e-01 7.643279433250427246e-01
-2.859941291809082031e+01 1.600378990173339844e+01 2.316295146942138672e+00 -1.886730045080184937e-01 -1.710903644561767578e-01 -6.585695743560791016e-01 7.081077694892883301e-01
-2.863673019409179688e+01 1.612646102905273438e+01 2.374577283859252930e+00 -1.984929591417312622e-01 -2.018995583057403564e-01 -6.646168231964111328e-01 6.914632916450500488e-01
-2.866663360595703125e+01 1.627262115478515625e+01 2.434109210968017578e+00 -2.012903988361358643e-01 -1.602974981069564819e-01 -6.434327363967895508e-01 7.209584712982177734e-01
-2.868625640869140625e+01 1.649084663391113281e+01 2.502679109573364258e+00 -1.886842250823974609e-01 -1.518407464027404785e-01 -6.371674537658691406e-01 7.316831350326538086e-01
-2.868784523010253906e+01 1.660747146606445312e+01 2.531507492065429688e+00 -1.646933704614639282e-01 -7.378152757883071899e-02 -6.331060528755187988e-01 7.527343630790710449e-01
-2.868624114990234375e+01 1.668581008911132812e+01 2.548321485519409180e+00 -1.642236113548278809e-01 -1.269560605287551880e-01 -6.513904929161071777e-01 7.297966480255126953e-01
-2.867511940002441406e+01 1.687728881835937500e+01 2.581852436065673828e+00 -1.850117146968841553e-01 -7.233431935310363770e-02 -6.204568743705749512e-01 7.586643695831298828e-01
-2.865097808837890625e+01 1.711371231079101562e+01 2.610246896743774414e+00 -1.844750493764877319e-01 -9.234526753425598145e-02 -6.685484051704406738e-01 7.144818902015686035e-01
-2.862132453918457031e+01 1.733926010131835938e+01 2.625308752059936523e+00 -1.795884072780609131e-01 -5.485179275274276733e-02 -6.583352684974670410e-01 7.289266586303710938e-01
-2.857202339172363281e+01 1.766272926330566406e+01 2.628253698348999023e+00 -1.247998476028442383e-01 7.157180458307266235e-03 -6.535537242889404297e-01 7.464859485626220703e-01
-2.850642204284667969e+01 1.799748802185058594e+01 2.611866474151611328e+00 -8.660031110048294067e-02 8.602427691221237183e-02 -6.259875297546386719e-01 7.702206373214721680e-01
-2.831518745422363281e+01 1.841312217712402344e+01 2.573810577392578125e+00 -7.844404876232147217e-02 1.380855739116668701e-01 -5.983644127845764160e-01 7.853273153305053711e-01
-2.809304046630859375e+01 1.868403816223144531e+01 2.687417745590209961e+00 -6.545465439558029175e-02 1.104328185319900513e-01 -6.192314624786376953e-01 7.746436595916748047e-01
-2.798977279663085938e+01 1.882165527343750000e+01 2.785418033599853516e+00 -4.942904412746429443e-02 2.147702425718307495e-01 -5.577315688133239746e-01 8.002287745475769043e-01
-2.788959884643554688e+01 1.891818618774414062e+01 2.845386028289794922e+00 -4.150937497615814209e-02 2.792460322380065918e-01 -4.735431075096130371e-01 8.342993855476379395e-01
-2.771563148498535156e+01 1.902331161499023438e+01 2.883594989776611328e+00 -5.019408464431762695e-02 3.464587926864624023e-01 -4.159936308860778809e-01 8.392831683158874512e-01
-2.754240608215332031e+01 1.908130645751953125e+01 2.870726823806762695e+00 -4.392544925212860107e-02 3.333377540111541748e-01 -4.249126315116882324e-01 8.404794335365295410e-01
-2.743462371826171875e+01 1.910394668579101562e+01 2.847367286682128906e+00 -6.113201379776000977e-04 2.838277518749237061e-01 -4.935276508331298828e-01 8.221142292022705078e-01
-2.718455314636230469e+01 1.913468360900878906e+01 2.764630317687988281e+00 -2.736969292163848877e-02 3.133016824722290039e-01 -4.387530088424682617e-01 8.417771458625793457e-01
-2.705258750915527344e+01 1.914178466796875000e+01 2.707180976867675781e+00 -4.630950093269348145e-02 3.706226348876953125e-01 -4.328242242336273193e-01 8.204616904258728027e-01
-2.701717376708984375e+01 1.914275741577148438e+01 2.690155267715454102e+00 -4.653361439704895020e-02 3.595649898052215576e-01 -4.375594854354858398e-01 8.228543996810913086e-01
-2.686638069152832031e+01 1.914263153076171875e+01 2.609477281570434570e+00 -4.872873425483703613e-02 3.500387072563171387e-01 -4.473510086536407471e-01 8.215689659118652344e-01
-2.686417198181152344e+01 1.914257431030273438e+01 2.608185052871704102e+00 -4.819360375404357910e-02 2.768777012825012207e-01 -4.920576214790344238e-01 8.239510059356689453e-01
-2.681715965270996094e+01 1.914104652404785156e+01 2.579955101013183594e+00 -6.255874037742614746e-02 3.512592315673828125e-01 -4.038921594619750977e-01 8.423624634742736816e-01
-2.663876342773437500e+01 1.912810325622558594e+01 2.456363201141357422e+00 -6.808495521545410156e-02 3.769494891166687012e-01 -3.963394761085510254e-01 8.343791365623474121e-01
-2.638377571105957031e+01 1.908289337158203125e+01 2.210156679153442383e+00 -6.718559563159942627e-02 4.079157114028930664e-01 -3.645679056644439697e-01 8.343746662139892578e-01
-2.612205696105957031e+01 1.903516197204589844e+01 1.958247780799865723e+00 -2.438552677631378174e-02 3.608097434043884277e-01 -4.317940771579742432e-01 8.263022303581237793e-01
-2.585702514648437500e+01 1.902632904052734375e+01 1.814664840698242188e+00 -4.353903234004974365e-02 3.913313448429107666e-01 -3.396532833576202393e-01 8.541662096977233887e-01
-2.565422821044921875e+01 1.904065895080566406e+01 1.763235926628112793e+00 -7.082514464855194092e-02 3.504289388656616211e-01 -4.434789419174194336e-01 8.218941092491149902e-01
-2.547199630737304688e+01 1.906371688842773438e+01 1.745211243629455566e+00 -5.552409589290618896e-02 3.701861500740051270e-01 -4.329325556755065918e-01 8.200296759605407715e-01
-2.515791511535644531e+01 1.911578750610351562e+01 1.745680332183837891e+00 -5.532047152519226074e-02 3.572257459163665771e-01 -4.996925294399261475e-01 7.871701121330261230e-01
-2.467231178283691406e+01 1.921439361572265625e+01 1.784130334854125977e+00 -9.015738964080810547e-03 4.067070484161376953e-01 -4.239420890808105469e-01 8.091855645179748535e-01
-2.405484008789062500e+01 1.936253166198730469e+01 1.859248757362365723e+00 -4.354597628116607666e-02 4.371815323829650879e-01 -3.760938346385955811e-01 8.157998323440551758e-01
-2.337286567687988281e+01 1.956165313720703125e+01 1.927542805671691895e+00 -8.571778237819671631e-02 3.817533254623413086e-01 -4.204495847225189209e-01 8.186202049255371094e-01
-2.283826828002929688e+01 1.984368515014648438e+01 1.878241062164306641e+00 -8.164064586162567139e-02 4.002269804477691650e-01 -3.842068910598754883e-01 8.279723525047302246e-01
-2.249565315246582031e+01 2.018634033203125000e+01 1.814795494079589844e+00 -9.320585429668426514e-02 4.278876781463623047e-01 -3.611080646514892578e-01 8.233017325401306152e-01
-2.226220130920410156e+01 2.049564361572265625e+01 1.756648778915405273e+00 -9.488734602928161621e-02 4.382601976394653320e-01 -3.288920521736145020e-01 8.311163187026977539e-01
-2.209852981567382812e+01 2.091580009460449219e+01 1.728932857513427734e+00 -1.182603240013122559e-01 4.104522466659545898e-01 -3.601201772689819336e-01 8.293713331222534180e-01
-2.206018257141113281e+01 2.126807785034179688e+01 1.730278849601745605e+00 -7.435397803783416748e-02 3.767894506454467773e-01 -4.551729559898376465e-01 8.033173680305480957e-01
-2.210136032104492188e+01 2.162571525573730469e+01 1.746648311614990234e+00 -1.064020395278930664e-02 4.264000058174133301e-01 -3.574129343032836914e-01 8.308584690093994141e-01
-2.221842384338378906e+01 2.216874504089355469e+01 1.765123248100280762e+00 -1.838773488998413086e-02 3.877018094062805176e-01 -4.143692851066589355e-01 8.231934309005737305e-01
-2.229823112487792969e+01 2.266693115234375000e+01 1.747622489929199219e+00 -2.478852868080139160e-02 4.251872301101684570e-01 -3.436273038387298584e-01 8.369717001914978027e-01
-2.234913825988769531e+01 2.305089950561523438e+01 1.704453229904174805e+00 -5.269333720207214355e-03 3.656949400901794434e-01 -4.501163065433502197e-01 8.146378993988037109e-01
-2.241073989868164062e+01 2.335716438293457031e+01 1.645391225814819336e+00 3.685466945171356201e-02 4.068089425563812256e-01 -3.946672081947326660e-01 8.230345845222473145e-01
-2.255100440979003906e+01 2.369782257080078125e+01 1.533091902732849121e+00 3.741991519927978516e-02 4.054896235466003418e-01 -4.007692933082580566e-01 8.207080364227294922e-01
-2.267273139953613281e+01 2.384226417541503906e+01 1.452162146568298340e+00 3.597646951675415039e-02 4.071350097656250000e-01 -3.985907435417175293e-01 8.210189938545227051e-01
-2.285725593566894531e+01 2.397356605529785156e+01 1.343174695968627930e+00 3.611887246370315552e-02 3.372643291950225830e-01 -4.530703127384185791e-01 8.244243860244750977e-01
-2.298961448669433594e+01 2.403572463989257812e+01 1.271835327148437500e+00 4.285331070423126221e-02 3.291978836059570312e-01 -4.816036224365234375e-01 8.110797405242919922e-01
-2.306869506835937500e+01 2.406512832641601562e+01 1.231405973434448242e+00 9.484380483627319336e-03 3.477346301078796387e-01 -4.217944145202636719e-01 8.373052477836608887e-01
-2.312777137756347656e+01 2.408425521850585938e+01 1.202171921730041504e+00 1.675111055374145508e-02 3.375505805015563965e-01 -4.531406760215759277e-01 8.248894214630126953e-01
-2.312833404541015625e+01 2.408442497253417969e+01 1.201897144317626953e+00 1.253093779087066650e-02 3.211221098899841309e-01 -4.661139547824859619e-01 8.242944478988647461e-01
-2.324270439147949219e+01 2.411595344543457031e+01 1.147524118423461914e+00 1.267375051975250244e-02 3.226342499256134033e-01 -4.655448794364929199e-01 8.240233659744262695e-01
-2.349567604064941406e+01 2.416805648803710938e+01 1.036773204803466797e+00 1.537334173917770386e-02 2.871222496032714844e-01 -4.712304472923278809e-01 8.338262438774108887e-01
-2.361454582214355469e+01 2.418708038330078125e+01 9.889110922813415527e-01 -2.490173280239105225e-02 2.143282294273376465e-01 -5.647048354148864746e-01 7.965875267982482910e-01
-2.386627960205078125e+01 2.422125625610351562e+01 8.962572813034057617e-01 8.247025310993194580e-03 2.740804255008697510e-01 -5.092175006866455078e-01 8.157875537872314453e-01
-2.419888687133789062e+01 2.425704383850097656e+01 7.842991352081298828e-01 -9.245827794075012207e-03 3.347766697406768799e-01 -4.345038831233978271e-01 8.360893726348876953e-01
-2.436080741882324219e+01 2.427113914489746094e+01 7.313540577888488770e-01 -1.174610853195190430e-02 3.060483038425445557e-01 -4.723436236381530762e-01 8.264913558959960938e-01
-2.454809188842773438e+01 2.428479766845703125e+01 6.695775985717773438e-01 -1.402017474174499512e-02 3.011639118194580078e-01 -4.771510064601898193e-01 8.254880309104919434e-01
-2.489195060729980469e+01 2.430165672302246094e+01 5.479955673217773438e-01 -2.204768359661102295e-03 2.079581320285797119e-01 -5.434143543243408203e-01 8.132953643798828125e-01
-2.524520874023437500e+01 2.430086708068847656e+01 3.840618729591369629e-01 3.786067664623260498e-02 2.430333197116851807e-01 -5.296727418899536133e-01 8.117562532424926758e-01
-2.551807785034179688e+01 2.425624656677246094e+01 1.413333117961883545e-01 2.961559593677520752e-02 2.349764406681060791e-01 -5.374844670295715332e-01 8.093327283859252930e-01
-2.585509681701660156e+01 2.411440849304199219e+01 -2.666516005992889404e-01 1.324993371963500977e-02 3.032436966896057129e-01 -4.929348230361938477e-01 8.154035806655883789e-01
-2.630084609985351562e+01 2.410518264770507812e+01 -5.838546752929687500e-01 1.931745558977127075e-02 2.833113074302673340e-01 -5.012326836585998535e-01 8.173906207084655762e-01
-2.655835723876953125e+01 2.426146888732910156e+01 -7.765829563140869141e-01 1.314230263233184814e-03 2.423046529293060303e-01 -5.266137123107910156e-01 8.148403167724609375e-01
-2.675834846496582031e+01 2.436357307434082031e+01 -9.773535132408142090e-01 1.813452690839767456e-02 2.145969569683074951e-01 -5.939940810203552246e-01 7.751066684722900391e-01
-2.687047004699707031e+01 2.436633300781250000e+01 -1.117098331451416016e+00 -1.129104197025299072e-02 2.843792736530303955e-01 -5.854089856147766113e-01 7.591424584388732910e-01
-2.693562698364257812e+01 2.435086441040039062e+01 -1.204914212226867676e+00 2.503806352615356445e-02 3.219494223594665527e-01 -5.332366228103637695e-01 7.819081544876098633e-01
-2.699692535400390625e+01 2.432910919189453125e+01 -1.289895892143249512e+00 -8.242920041084289551e-03 2.730020880699157715e-01 -5.548219084739685059e-01 7.858591675758361816e-01
-2.702115821838378906e+01 2.431916236877441406e+01 -1.323840856552124023e+00 -2.398291230201721191e-02 3.072177767753601074e-01 -5.438671112060546875e-01 7.805451154708862305e-01
-2.707604598999023438e+01 2.429484748840332031e+01 -1.400940537452697754e+00 -7.623642683029174805e-03 2.786327898502349854e-01 -5.584939718246459961e-01 7.812747359275817871e-01
-2.719430541992187500e+01 2.423985481262207031e+01 -1.565139174461364746e+00 4.803626239299774170e-02 1.816180646419525146e-01 -6.186180114746093750e-01 7.629017233848571777e-01
-2.739484405517578125e+01 2.416886138916015625e+01 -1.822228312492370605e+00 5.137798562645912170e-02 1.860934793949127197e-01 -6.112512946128845215e-01 7.675293684005737305e-01
-2.761977195739746094e+01 2.416051292419433594e+01 -2.053626775741577148e+00 2.547919005155563354e-02 1.578830480575561523e-01 -6.332764625549316406e-01 7.572217583656311035e-01
-2.793521881103515625e+01 2.420958900451660156e+01 -2.269340276718139648e+00 2.847399190068244934e-02 1.444206088781356812e-01 -6.404026150703430176e-01 7.538011670112609863e-01
-2.842864608764648438e+01 2.425343894958496094e+01 -2.416281700134277344e+00 2.966293692588806152e-02 1.470077633857727051e-01 -6.396785974502563477e-01 7.538701295852661133e-01
-2.906271362304687500e+01 2.420857048034667969e+01 -2.471404314041137695e+00 3.257536888122558594e-02 9.822651743888854980e-02 -6.695941686630249023e-01 7.354821562767028809e-01
-2.961179161071777344e+01 2.412322044372558594e+01 -2.505029201507568359e+00 4.222055152058601379e-02 1.632913798093795776e-01 -6.221300959587097168e-01 7.645309567451477051e-01
-3.026847076416015625e+01 2.405989646911621094e+01 -2.548392772674560547e+00 2.631666511297225952e-02 2.539949715137481689e-01 -5.796905159950256348e-01 7.737911939620971680e-01
-3.077971076965332031e+01 2.404180526733398438e+01 -2.583720684051513672e+00 5.954221263527870178e-02 1.861230731010437012e-01 -6.326594352722167969e-01 7.493696808815002441e-01
-3.124748992919921875e+01 2.404045295715332031e+01 -2.615906238555908203e+00 6.402400135993957520e-02 1.346220821142196655e-01 -6.776278018951416016e-01 7.201378941535949707e-01
-3.167155456542968750e+01 2.404467010498046875e+01 -2.643410682678222656e+00 5.460865795612335205e-02 1.076840013265609741e-01 -6.908798813819885254e-01 7.128162980079650879e-01
-3.205195617675781250e+01 2.405246734619140625e+01 -2.664719104766845703e+00 5.703973770141601562e-02 9.356710314750671387e-02 -7.082404494285583496e-01 6.974146962165832520e-01
-3.238860702514648438e+01 2.406058120727539062e+01 -2.681542873382568359e+00 6.474616378545761108e-02 1.345785558223724365e-01 -6.361410617828369141e-01 7.569816112518310547e-01
-3.268172454833984375e+01 2.407049179077148438e+01 -2.683172464370727539e+00 7.462248206138610840e-02 1.213826090097427368e-01 -6.376463770866394043e-01 7.570369839668273926e-01
-3.293097305297851562e+01 2.407892227172851562e+01 -2.684558153152465820e+00 7.138343155384063721e-02 1.379986703395843506e-01 -6.167004108428955078e-01 7.717133760452270508e-01
-3.298181915283203125e+01 2.408131027221679688e+01 -2.640235424041748047e+00 7.494929432868957520e-02 2.170250713825225830e-01 -5.688841342926025391e-01 7.897173762321472168e-01
-3.284550476074218750e+01 2.407799339294433594e+01 -2.553513050079345703e+00 6.332494318485260010e-02 2.420913428068161011e-01 -5.464385747909545898e-01 7.992413043975830078e-01
-3.274621963500976562e+01 2.407557296752929688e+01 -2.490349054336547852e+00 7.607991993427276611e-02 2.605274617671966553e-01 -5.165281891822814941e-01 8.121181726455688477e-01
-3.271615219116210938e+01 2.407466697692871094e+01 -2.482493877410888672e+00 2.303387224674224854e-02 3.595562279224395752e-01 -5.002989768981933594e-01 7.873307466506958008e-01
-3.267770385742187500e+01 2.407351112365722656e+01 -2.472667694091796875e+00 7.144644856452941895e-03 3.686464130878448486e-01 -4.652915298938751221e-01 8.047065138816833496e-01
-3.263439178466796875e+01 2.407221221923828125e+01 -2.461869478225708008e+00 2.056039869785308838e-02 4.003108739852905273e-01 -4.424830675125122070e-01 8.022077083587646484e-01
-3.245824050903320312e+01 2.406696891784667969e+01 -2.420389890670776367e+00 1.988238096237182617e-02 4.167337119579315186e-01 -4.287636876106262207e-01 8.013110756874084473e-01
-3.220221710205078125e+01 2.405953979492187500e+01 -2.365600585937500000e+00 -2.223342657089233398e-03 3.167310953140258789e-01 -4.827527105808258057e-01 8.164718747138977051e-01
-3.214024353027343750e+01 2.405778312683105469e+01 -2.353157281875610352e+00 -7.446095347404479980e-03 3.264958858489990234e-01 -4.656558036804199219e-01 8.225020766258239746e-01
-3.195449447631835938e+01 2.405265045166015625e+01 -2.317645311355590820e+00 -6.267294287681579590e-03 2.521555423736572266e-01 -5.314829349517822266e-01 8.086433410644531250e-01
-3.190384674072265625e+01 2.405129051208496094e+01 -2.308452129364013672e+00 -7.166668772697448730e-03 2.730987668037414551e-01 -5.118597745895385742e-01 8.144723773002624512e-01
-3.179289436340332031e+01 2.404837799072265625e+01 -2.289117336273193359e+00 -2.897228300571441650e-02 2.272896766662597656e-01 -5.817456245422363281e-01 7.804306149482727051e-01
-3.159649085998535156e+01 2.404347610473632812e+01 -2.257797718048095703e+00 -4.811376333236694336e-03 2.778646647930145264e-01 -5.034571886062622070e-01 8.181068897247314453e-01
-3.151173591613769531e+01 2.404147338867187500e+01 -2.245516300201416016e+00 1.545736193656921387e-02 3.753305375576019287e-01 -4.793432056903839111e-01 7.931696176528930664e-01
-3.132427215576171875e+01 2.403734016418457031e+01 -2.221311092376708984e+00 3.296374529600143433e-02 3.016799688339233398e-01 -5.360038280487060547e-01 7.877832651138305664e-01
-3.103439903259277344e+01 2.403189849853515625e+01 -2.193089008331298828e+00 3.472533077001571655e-02 2.966043949127197266e-01 -5.415343642234802246e-01 7.858502268791198730e-01
-3.071658134460449219e+01 2.402769660949707031e+01 -2.178222656250000000e+00 4.560641944408416748e-02 3.257370591163635254e-01 -5.281413793563842773e-01 7.828679084777832031e-01
-3.048453712463378906e+01 2.402623176574707031e+01 -2.181366443634033203e+00 3.776278346776962280e-02 2.839949727058410645e-01 -5.589065551757812500e-01 7.781672477722167969e-01
-3.027679824829101562e+01 2.402652931213378906e+01 -2.197839975357055664e+00 2.794128656387329102e-02 2.981886863708496094e-01 -5.416845083236694336e-01 7.854175567626953125e-01
-2.998782730102539062e+01 2.403037452697753906e+01 -2.248179912567138672e+00 1.425249129533767700e-02 1.940643787384033203e-01 -6.134881973266601562e-01 7.653549909591674805e-01
-2.980784797668457031e+01 2.403492355346679688e+01 -2.293611288070678711e+00 -4.747004061937332153e-02 2.710855305194854736e-01 -5.720502734184265137e-01 7.726692557334899902e-01
-2.947282600402832031e+01 2.404774093627929688e+01 -2.394237518310546875e+00 -2.290529012680053711e-02 3.270379900932312012e-01 -5.436967015266418457e-01 7.726030349731445312e-01
-2.909299468994140625e+01 2.406715774536132812e+01 -2.486393928527832031e+00 -3.768412768840789795e-02 3.686458766460418701e-01 -4.984228610992431641e-01 7.837440371513366699e-01
-2.865953254699707031e+01 2.409356880187988281e+01 -2.479093551635742188e+00 -3.021234273910522461e-02 4.030076563358306885e-01 -4.060659408569335938e-01 8.196233510971069336e-01
-2.815148353576660156e+01 2.416080093383789062e+01 -2.290626287460327148e+00 -6.712082028388977051e-02 4.571542739868164062e-01 -3.482629656791687012e-01 8.156087994575500488e-01
-2.783063507080078125e+01 2.426374435424804688e+01 -2.024998664855957031e+00 -8.159063756465911865e-02 3.840892910957336426e-01 -4.207020998001098633e-01 8.178190588951110840e-01
-2.750417900085449219e+01 2.439705467224121094e+01 -1.681017994880676270e+00 -4.965446889400482178e-02 4.180747866630554199e-01 -3.819326460361480713e-01 8.227244019508361816e-01
-2.705257225036621094e+01 2.449744415283203125e+01 -1.229290127754211426e+00 -8.412445336580276489e-02 3.144125938415527344e-01 -4.285579025745391846e-01 8.428558111190795898e-01
-2.653265762329101562e+01 2.447370719909667969e+01 -6.792187094688415527e-01 -5.589155107736587524e-02 2.191677689552307129e-01 -4.820541441440582275e-01 8.464428782463073730e-01
-2.610345840454101562e+01 2.441000366210937500e+01 -2.719995081424713135e-01 -7.231960445642471313e-02 1.971875280141830444e-01 -5.145344138145446777e-01 8.313490152359008789e-01
-2.569007492065429688e+01 2.434579849243164062e+01 3.124267421662807465e-02 -7.036681473255157471e-02 1.519645303487777710e-01 -5.234506726264953613e-01 8.354368209838867188e-01
-2.523501586914062500e+01 2.428512382507324219e+01 2.532956004142761230e-01 -8.291751891374588013e-02 1.735711395740509033e-01 -5.024451613426208496e-01 8.429392576217651367e-01
-2.488218688964843750e+01 2.424571990966796875e+01 3.651770055294036865e-01 -1.465733796358108521e-01 1.070327013731002808e-01 -5.386749505996704102e-01 8.227329254150390625e-01
-2.438408088684082031e+01 2.419918823242187500e+01 4.675616323947906494e-01 -1.221131086349487305e-01 2.351227402687072754e-02 -5.976524949073791504e-01 7.920523881912231445e-01
-2.397540664672851562e+01 2.416904449462890625e+01 5.190716385841369629e-01 -1.578943431377410889e-01 -7.740008831024169922e-02 -6.134021878242492676e-01 7.699456810951232910e-01
-2.369350051879882812e+01 2.415364456176757812e+01 5.441514253616333008e-01 -1.726410835981369019e-01 -9.149686992168426514e-02 -6.289919018745422363e-01 7.524576783180236816e-01
-2.328819465637207031e+01 2.413763427734375000e+01 5.710926651954650879e-01 -1.916843652725219727e-01 -1.087598875164985657e-01 -6.900538802146911621e-01 6.893866658210754395e-01
-2.295169830322265625e+01 2.411132812500000000e+01 5.843634009361267090e-01 -1.920562088489532471e-01 -1.100925803184509277e-01 -6.907083392143249512e-01 6.884155869483947754e-01
-2.270544815063476562e+01 2.405061531066894531e+01 5.901802182197570801e-01 -1.968771964311599731e-01 -1.355812102556228638e-01 -7.103596329689025879e-01 6.620016098022460938e-01
-2.243860816955566406e+01 2.383885383605957031e+01 5.917245149612426758e-01 -1.718774437904357910e-01 -1.678193956613540649e-01 -7.221143245697021484e-01 6.487262248992919922e-01
-2.235857391357421875e+01 2.369200897216796875e+01 5.818926692008972168e-01 -1.835234016180038452e-01 -1.512836068868637085e-01 -6.991301774978637695e-01 6.742769479751586914e-01
-2.232314682006835938e+01 2.359524536132812500e+01 5.716833472251892090e-01 -1.804151087999343872e-01 -1.267287731170654297e-01 -6.615669727325439453e-01 7.167421579360961914e-01
-2.227434921264648438e+01 2.339375114440917969e+01 5.425100326538085938e-01 -1.692575216293334961e-01 -1.188430488109588623e-01 -6.567817330360412598e-01 7.251661419868469238e-01
-2.223915672302246094e+01 2.313874053955078125e+01 4.968472123146057129e-01 -1.512377858161926270e-01 -7.927203178405761719e-02 -6.279741525650024414e-01 7.592704296112060547e-01
-2.223186874389648438e+01 2.306148338317871094e+01 4.823783636093139648e-01 -1.224917024374008179e-01 -2.614200115203857422e-02 -5.953438282012939453e-01 7.936486601829528809e-01
-2.222343635559082031e+01 2.295303726196289062e+01 4.620791375637054443e-01 -1.245564073324203491e-01 -3.091603517532348633e-02 -5.978106856346130371e-01 7.912977933883666992e-01
-2.220938110351562500e+01 2.269697189331054688e+01 4.161581397056579590e-01 -1.267812252044677734e-01 -4.884878918528556824e-02 -6.155211329460144043e-01 7.763208746910095215e-01
-2.220240402221679688e+01 2.251951026916503906e+01 3.881799280643463135e-01 -8.797322958707809448e-02 -1.129481047391891479e-01 -6.737825274467468262e-01 7.249278426170349121e-01
-2.218959236145019531e+01 2.219861984252929688e+01 3.551083207130432129e-01 -1.595957130193710327e-01 -2.056030631065368652e-01 -6.840237379074096680e-01 6.814456582069396973e-01
-2.217072677612304688e+01 2.184138107299804688e+01 3.554513454437255859e-01 -1.596388816833496094e-01 -1.825609803199768066e-01 -6.833958625793457031e-01 6.885907053947448730e-01
-2.213918495178222656e+01 2.140892982482910156e+01 4.035949707031250000e-01 -1.584252268075942993e-01 -2.444955408573150635e-01 -7.360928654670715332e-01 6.109752058982849121e-01
-2.211536598205566406e+01 2.109064102172851562e+01 4.463742077350616455e-01 -1.942305862903594971e-01 -1.744649559259414673e-01 -6.948730349540710449e-01 6.700655817985534668e-01
-2.209996604919433594e+01 2.067177391052246094e+01 4.666410684585571289e-01 -1.930739730596542358e-01 -1.761257499456405640e-01 -7.087262868881225586e-01 6.552932262420654297e-01
-2.212075614929199219e+01 2.027826881408691406e+01 4.364523291587829590e-01 -1.784767508506774902e-01 -2.039996981620788574e-01 -7.466647624969482422e-01 6.074718236923217773e-01
-2.223008537292480469e+01 1.987199401855468750e+01 3.916705250740051270e-01 -1.857307404279708862e-01 -1.860564351081848145e-01 -6.847192645072937012e-01 6.797401309013366699e-01
-2.247002601623535156e+01 1.953438758850097656e+01 3.645907640457153320e-01 -1.928065419197082520e-01 -2.469845712184906006e-01 -7.292460203170776367e-01 6.082962751388549805e-01
-2.274536895751953125e+01 1.927944183349609375e+01 2.959948778152465820e-01 -2.035943865776062012e-01 -2.913698256015777588e-01 -7.399103045463562012e-01 5.711267590522766113e-01
-2.292881011962890625e+01 1.919402313232421875e+01 2.478829920291900635e-01 -2.068547308444976807e-01 -2.879764437675476074e-01 -7.388713955879211426e-01 5.730181336402893066e-01
-2.325703811645507812e+01 1.915098571777343750e+01 2.189764380455017090e-01 -2.039561867713928223e-01 -1.822155565023422241e-01 -7.391647100448608398e-01 6.154955625534057617e-01
-2.378144454956054688e+01 1.916414833068847656e+01 2.621893286705017090e-01 -1.935232877731323242e-01 -1.929882019758224487e-01 -7.565211653709411621e-01 5.941211581230163574e-01
