-2.267273139953613281e+01 2.384226417541503906e+01 1.452162146568298340e+00 3.597646951675415039e-02 4.071350097656250000e-01 -3.985907435417175293e-01 8.210189938545227051e-01
-2.285725593566894531e+01 2.397356605529785156e+01 1.343174695968627930e+00 3.611887246370315552e-02 3.372643291950225830e-01 -4.530703127384185791e-01 8.244243860244750977e-01
-2.298961448669433594e+01 2.403572463989257812e+01 1.271835327148437500e+00 4.285331070423126221e-02 3.291978836059570312e-01 -4.816036224365234375e-01 8.110797405242919922e-01
-2.306869506835937500e+01 2.406512832641601562e+01 1.231405973434448242e+00 9.484380483627319336e-03 3.477346301078796387e-01 -4.217944145202636719e-01 8.373052477836608887e-01
-2.312777137756347656e+01 2.408425521850585938e+01 1.202171921730041504e+00 1.675111055374145508e-02 3.375505805015563965e-01 -4.531406760215759277e-01 8.248894214630126953e-01
-2.312833404541015625e+01 2.408442497253417969e+01 1.201897144317626953e+00 1.253093779087066650e-02 3.211221098899841309e-01 -4.661139547824859619e-01 8.242944478988647461e-01
-2.324270439147949219e+01 2.411595344543457031e+01 1.147524118423461914e+00 1.267375051975250244e-02 3.226342499256134033e-01 -4.655448794364929199e-01 8.240233659744262695e-01
-2.349567604064941406e+01 2.416805648803710938e+01 1.036773204803466797e+00 1.537334173917770386e-02 2.871222496032714844e-01 -4.712304472923278809e-01 8.338262438774108887e-01
-2.361454582214355469e+01 2.418708038330078125e+01 9.889110922813415527e-01 -2.490173280239105225e-02 2.143282294273376465e-01 -5.647048354148864746e-01 7.965875267982482910e-01
-2.386627960205078125e+01 2.422125625610351562e+01 8.962572813034057617e-01 8.247025310993194580e-03 2.740804255008697510e-01 -5.092175006866455078e-01 8.157875537872314453e-01
-2.419888687133789062e+01 2.425704383850097656e+01 7.842991352081298828e-01 -9.245827794075012207e-03 3.347766697406768799e-01 -4.345038831233978271e-01 8.360893726348876953e-01
-2.436080741882324219e+01 2.427113914489746094e+01 7.313540577888488770e-01 -1.174610853195190430e-02 3.060483038425445557e-01 -4.723436236381530762e-01 8.264913558959960938e-01
-2.454809188842773438e+01 2.428479766845703125e+01 6.695775985717773438e-01 -1.402017474174499512e-02 3.011639118194580078e-01 -4.771510064601898193e-01 8.254880309104919434e-01
-2.489195060729980469e+01 2.430165672302246094e+01 5.479955673217773438e-01 -2.204768359661102295e-03 2.079581320285797119e-01 -5.434143543243408203e-01 8.132953643798828125e-01
-2.524520874023437500e+01 2.430086708068847656e+01 3.840618729591369629e-01 3.786067664623260498e-02 2.430333197116851807e-01 -5.296727418899536133e-01 8.117562532424926758e-01
-2.551807785034179688e+01 2.425624656677246094e+01 1.413333117961883545e-01 2.961559593677520752e-02 2.349764406681060791e-01 -5.374844670295715332e-01 8.093327283859252930e-01
-2.585509681701660156e+01 2.411440849304199219e+01 -2.666516005992889404e-01 1.324993371963500977e-02 3.032436966896057129e-01 -4.929348230361938477e-01 8.154035806655883789e-01
-2.630084609985351562e+01 2.410518264770507812e+01 -5.838546752929687500e-01 1.931745558977127075e-02 2.833113074302673340e-01 -5.012326836585998535e-01 8.173906207084655762e-01
-2.655835723876953125e+01 2.426146888732910156e+01 -7.765829563140869141e-01 1.314230263233184814e-03 2.423046529293060303e-01 -5.266137123107910156e-01 8.148403167724609375e-01
-2.675834846496582031e+01 2.436357307434082031e+01 -9.773535132408142090e-01 1.813452690839767456e-02 2.145969569683074951e-01 -5.939940810203552246e-01 7.751066684722900391e-01
-2.687047004699707031e+01 2.436633300781250000e+01 -1.117098331451416016e+00 -1.129104197025299072e-02 2.843792736530303955e-01 -5.854089856147766113e-01 7.591424584388732910e-01
-2.693562698364257812e+01 2.435086441040039062e+01 -1.204914212226867676e+00 2.503806352615356445e-02 3.219494223594665527e-01 -5.332366228103637695e-01 7.819081544876098633e-01
-2.699692535400390625e+01 2.432910919189453125e+01 -1.289895892143249512e+00 -8.242920041084289551e-03 2.730020880699157715e-01 -5.548219084739685059e-01 7.858591675758361816e-01
-2.702115821838378906e+01 2.431916236877441406e+01 -1.323840856552124023e+00 -2.398291230201721191e-02 3.072177767753601074e-01 -5.438671112060546875e-01 7.805451154708862305e-01
-2.707604598999023438e+01 2.429484748840332031e+01 -1.400940537452697754e+00 -7.623642683029174805e-03 2.786327898502349854e-01 -5.584939718246459961e-01 7.812747359275817871e-01
-2.719430541992187500e+01 2.423985481262207031e+01 -1.565139174461364746e+00 4.803626239299774170e-02 1.816180646419525146e-01 -6.186180114746093750e-01 7.629017233848571777e-01
-2.739484405517578125e+01 2.416886138916015625e+01 -1.822228312492370605e+00 5.137798562645912170e-02 1.860934793949127197e-01 -6.112512946128845215e-01 7.675293684005737305e-01
-2.761977195739746094e+01 2.416051292419433594e+01 -2.053626775741577148e+00 2.547919005155563354e-02 1.578830480575561523e-01 -6.332764625549316406e-01 7.572217583656311035e-01
-2.793521881103515625e+01 2.420958900451660156e+01 -2.269340276718139648e+00 2.847399190068244934e-02 1.444206088781356812e-01 -6.404026150703430176e-01 7.538011670112609863e-01
-2.842864608764648438e+01 2.425343894958496094e+01 -2.416281700134277344e+00 2.966293692588806152e-02 1.470077633857727051e-01 -6.396785974502563477e-01 7.538701295852661133e-01
-2.906271362304687500e+01 2.420857048034667969e+01 -2.471404314041137695e+00 3.257536888122558594e-02 9.822651743888854980e-02 -6.695941686630249023e-01 7.354821562767028809e-01
-2.961179161071777344e+01 2.412322044372558594e+01 -2.505029201507568359e+00 4.222055152058601379e-02 1.632913798093795776e-01 -6.221300959587097168e-01 7.645309567451477051e-01
-3.026847076416015625e+01 2.405989646911621094e+01 -2.548392772674560547e+00 2.631666511297225952e-02 2.539949715137481689e-01 -5.796905159950256348e-01 7.737911939620971680e-01
-3.077971076965332031e+01 2.404180526733398438e+01 -2.583720684051513672e+00 5.954221263527870178e-02 1.861230731010437012e-01 -6.326594352722167969e-01 7.493696808815002441e-01
-3.124748992919921875e+01 2.404045295715332031e+01 -2.615906238555908203e+00 6.402400135993957520e-02 1.346220821142196655e-01 -6.776278018951416016e-01 7.201378941535949707e-01
-3.167155456542968750e+01 2.404467010498046875e+01 -2.643410682678222656e+00 5.460865795612335205e-02 1.076840013265609741e-01 -6.908798813819885254e-01 7.128162980079650879e-01
-3.205195617675781250e+01 2.405246734619140625e+01 -2.664719104766845703e+00 5.703973770141601562e-02 9.356710314750671387e-02 -7.082404494285583496e-01 6.974146962165832520e-01
-3.238860702514648438e+01 2.406058120727539062e+01 -2.681542873382568359e+00 6.474616378545761108e-02 1.345785558223724365e-01 -6.361410617828369141e-01 7.569816112518310547e-01
-3.268172454833984375e+01 2.407049179077148438e+01 -2.683172464370727539e+00 7.462248206138610840e-02 1.213826090097427368e-01 -6.376463770866394043e-01 7.570369839668273926e-01
-3.293097305297851562e+01 2.407892227172851562e+01 -2.684558153152465820e+00 7.138343155384063721e-02 1.379986703395843506e-01 -6.167004108428955078e-01 7.717133760452270508e-01
-3.298181915283203125e+01 2.408131027221679688e+01 -2.640235424041748047e+00 7.494929432868957520e-02 2.170250713825225830e-01 -5.688841342926025391e-01 7.897173762321472168e-01
-3.284550476074218750e+01 2.407799339294433594e+01 -2.553513050079345703e+00 6.332494318485260010e-02 2.420913428068161011e-01 -5.464385747909545898e-01 7.992413043975830078e-01
-3.274621963500976562e+01 2.407557296752929688e+01 -2.490349054336547852e+00 7.607991993427276611e-02 2.605274617671966553e-01 -5.165281891822814941e-01 8.121181726455688477e-01
-3.271615219116210938e+01 2.407466697692871094e+01 -2.482493877410888672e+00 2.303387224674224854e-02 3.595562279224395752e-01 -5.002989768981933594e-01 7.873307466506958008e-01
-3.267770385742187500e+01 2.407351112365722656e+01 -2.472667694091796875e+00 7.144644856452941895e-03 3.686464130878448486e-01 -4.652915298938751221e-01 8.047065138816833496e-01
-3.263439178466796875e+01 2.407221221923828125e+01 -2.461869478225708008e+00 2.056039869785308838e-02 4.003108739852905273e-01 -4.424830675125122070e-01 8.022077083587646484e-01
-3.245824050903320312e+01 2.406696891784667969e+01 -2.420389890670776367e+00 1.988238096237182617e-02 4.167337119579315186e-01 -4.287636876106262207e-01 8.013110756874084473e-01
-3.220221710205078125e+01 2.405953979492187500e+01 -2.365600585937500000e+00 -2.223342657089233398e-03 3.167310953140258789e-01 -4.827527105808258057e-01 8.164718747138977051e-01
-3.214024353027343750e+01 2.405778312683105469e+01 -2.353157281875610352e+00 -7.446095347404479980e-03 3.264958858489990234e-01 -4.656558036804199219e-01 8.225020766258239746e-01
-3.195449447631835938e+01 2.405265045166015625e+01 -2.317645311355590820e+00 -6.267294287681579590e-03 2.521555423736572266e-01 -5.314829349517822266e-01 8.086433410644531250e-01
-3.190384674072265625e+01 2.405129051208496094e+01 -2.308452129364013672e+00 -7.166668772697448730e-03 2.730987668037414551e-01 -5.118597745895385742e-01 8.144723773002624512e-01
-3.179289436340332031e+01 2.404837799072265625e+01 -2.289117336273193359e+00 -2.897228300571441650e-02 2.272896766662597656e-01 -5.817456245422363281e-01 7.804306149482727051e-01
-3.159649085998535156e+01 2.404347610473632812e+01 -2.257797718048095703e+00 -4.811376333236694336e-03 2.778646647930145264e-01 -5.034571886062622070e-01 8.181068897247314453e-01
-3.151173591613769531e+01 2.404147338867187500e+01 -2.245516300201416016e+00 1.545736193656921387e-02 3.753305375576019287e-01 -4.793432056903839111e-01 7.931696176528930664e-01
-3.132427215576171875e+01 2.403734016418457031e+01 -2.221311092376708984e+00 3.296374529600143433e-02 3.016799688339233398e-01 -5.360038280487060547e-01 7.877832651138305664e-01
-3.103439903259277344e+01 2.403189849853515625e+01 -2.193089008331298828e+00 3.472533077001571655e-02 2.966043949127197266e-01 -5.415343642234802246e-01 7.858502268791198730e-01
-3.071658134460449219e+01 2.402769660949707031e+01 -2.178222656250000000e+00 4.560641944408416748e-02 3.257370591163635254e-01 -5.281413793563842773e-01 7.828679084777832031e-01
-3.048453712463378906e+01 2.402623176574707031e+01 -2.181366443634033203e+00 3.776278346776962280e-02 2.839949727058410645e-01 -5.589065551757812500e-01 7.781672477722167969e-01
-3.027679824829101562e+01 2.402652931213378906e+01 -2.197839975357055664e+00 2.794128656387329102e-02 2.981886863708496094e-01 -5.416845083236694336e-01 7.854175567626953125e-01
-2.998782730102539062e+01 2.403037452697753906e+01 -2.248179912567138672e+00 1.425249129533767700e-02 1.940643787384033203e-01 -6.134881973266601562e-01 7.653549909591674805e-01
-2.980784797668457031e+01 2.403492355346679688e+01 -2.293611288070678711e+00 -4.747004061937332153e-02 2.710855305194854736e-01 -5.720502734184265137e-01 7.726692557334899902e-01
-2.947282600402832031e+01 2.404774093627929688e+01 -2.394237518310546875e+00 -2.290529012680053711e-02 3.270379900932312012e-01 -5.436967015266418457e-01 7.726030349731445312e-01
-2.909299468994140625e+01 2.406715774536132812e+01 -2.486393928527832031e+00 -3.768412768840789795e-02 3.686458766460418701e-01 -4.984228610992431641e-01 7.837440371513366699e-01
-2.865953254699707031e+01 2.409356880187988281e+01 -2.479093551635742188e+00 -3.021234273910522461e-02 4.030076563358306885e-01 -4.060659408569335938e-01 8.196233510971069336e-01
-2.815148353576660156e+01 2.416080093383789062e+01 -2.290626287460327148e+00 -6.712082028388977051e-02 4.571542739868164062e-01 -3.482629656791687012e-01 8.156087994575500488e-01
-2.783063507080078125e+01 2.426374435424804688e+01 -2.024998664855957031e+00 -8.159063756465911865e-02 3.840892910957336426e-01 -4.207020998001098633e-01 8.178190588951110840e-01
-2.750417900085449219e+01 2.439705467224121094e+01 -1.681017994880676270e+00 -4.965446889400482178e-02 4.180747866630554199e-01 -3.819326460361480713e-01 8.227244019508361816e-01
-2.705257225036621094e+01 2.449744415283203125e+01 -1.229290127754211426e+00 -8.412445336580276489e-02 3.144125938415527344e-01 -4.285579025745391846e-01 8.428558111190795898e-01
-2.653265762329101562e+01 2.447370719909667969e+01 -6.792187094688415527e-01 -5.589155107736587524e-02 2.191677689552307129e-01 -4.820541441440582275e-01 8.464428782463073730e-01
-2.610345840454101562e+01 2.441000366210937500e+01 -2.719995081424713135e-01 -7.231960445642471313e-02 1.971875280141830444e-01 -5.145344138145446777e-01 8.313490152359008789e-01
-2.569007492065429688e+01 2.434579849243164062e+01 3.124267421662807465e-02 -7.036681473255157471e-02 1.519645303487777710e-01 -5.234506726264953613e-01 8.354368209838867188e-01
-2.523501586914062500e+01 2.428512382507324219e+01 2.532956004142761230e-01 -8.291751891374588013e-02 1.735711395740509033e-01 -5.024451613426208496e-01 8.429392576217651367e-01
-2.488218688964843750e+01 2.424571990966796875e+01 3.651770055294036865e-01 -1.465733796358108521e-01 1.070327013731002808e-01 -5.386749505996704102e-01 8.227329254150390625e-01
-2.438408088684082031e+01 2.419918823242187500e+01 4.675616323947906494e-01 -1.221131086349487305e-01 2.351227402687072754e-02 -5.976524949073791504e-01 7.920523881912231445e-01
-2.397540664672851562e+01 2.416904449462890625e+01 5.190716385841369629e-01 -1.578943431377410889e-01 -7.740008831024169922e-02 -6.134021878242492676e-01 7.699456810951232910e-01
-2.369350051879882812e+01 2.415364456176757812e+01 5.441514253616333008e-01 -1.726410835981369019e-01 -9.149686992168426514e-02 -6.289919018745422363e-01 7.524576783180236816e-01
-2.328819465637207031e+01 2.413763427734375000e+01 5.710926651954650879e-01 -1.916843652725219727e-01 -1.087598875164985657e-01 -6.900538802146911621e-01 6.893866658210754395e-01
-2.295169830322265625e+01 2.411132812500000000e+01 5.843634009361267090e-01 -1.920562088489532471e-01 -1.100925803184509277e-01 -6.907083392143249512e-01 6.884155869483947754e-01
-2.270544815063476562e+01 2.405061531066894531e+01 5.901802182197570801e-01 -1.968771964311599731e-01 -1.355812102556228638e-01 -7.103596329689025879e-01 6.620016098022460938e-01
-2.243860816955566406e+01 2.383885383605957031e+01 5.917245149612426758e-01 -1.718774437904357910e-01 -1.678193956613540649e-01 -7.221143245697021484e-01 6.487262248992919922e-01
-2.235857391357421875e+01 2.369200897216796875e+01 5.818926692008972168e-01 -1.835234016180038452e-01 -1.512836068868637085e-01 -6.991301774978637695e-01 6.742769479751586914e-01
-2.232314682006835938e+01 2.359524536132812500e+01 5.716833472251892090e-01 -1.804151087999343872e-01 -1.267287731170654297e-01 -6.615669727325439453e-01 7.167421579360961914e-01
-2.227434921264648438e+01 2.339375114440917969e+01 5.425100326538085938e-01 -1.692575216293334961e-01 -1.188430488109588623e-01 -6.567817330360412598e-01 7.251661419868469238e-01
-2.223915672302246094e+01 2.313874053955078125e+01 4.968472123146057129e-01 -1.512377858161926270e-01 -7.927203178405761719e-02 -6.279741525650024414e-01 7.592704296112060547e-01
-2.223186874389648438e+01 2.306148338317871094e+01 4.823783636093139648e-01 -1.224917024374008179e-01 -2.614200115203857422e-02 -5.953438282012939453e-01 7.936486601829528809e-01
-2.222343635559082031e+01 2.295303726196289062e+01 4.620791375637054443e-01 -1.245564073324203491e-01 -3.091603517532348633e-02 -5.978106856346130371e-01 7.912977933883666992e-01
-2.220938110351562500e+01 2.269697189331054688e+01 4.161581397056579590e-01 -1.267812252044677734e-01 -4.884878918528556824e-02 -6.155211329460144043e-01 7.763208746910095215e-01
-2.220240402221679688e+01 2.251951026916503906e+01 3.881799280643463135e-01 -8.797322958707809448e-02 -1.129481047391891479e-01 -6.737825274467468262e-01 7.249278426170349121e-01
-2.218959236145019531e+01 2.219861984252929688e+01 3.551083207130432129e-01 -1.595957130193710327e-01 -2.056030631065368652e-01 -6.840237379074096680e-01 6.814456582069396973e-01
-2.217072677612304688e+01 2.184138107299804688e+01 3.554513454437255859e-01 -1.596388816833496094e-01 -1.825609803199768066e-01 -6.833958625793457031e-01 6.885907053947448730e-01
-2.213918495178222656e+01 2.140892982482910156e+01 4.035949707031250000e-01 -1.584252268075942993e-01 -2.444955408573150635e-01 -7.360928654670715332e-01 6.109752058982849121e-01
-2.211536598205566406e+01 2.109064102172851562e+01 4.463742077350616455e-01 -1.942305862903594971e-01 -1.744649559259414673e-01 -6.948730349540710449e-01 6.700655817985534668e-01
-2.209996604919433594e+01 2.067177391052246094e+01 4.666410684585571289e-01 -1.930739730596542358e-01 -1.761257499456405640e-01 -7.087262868881225586e-01 6.552932262420654297e-01
-2.212075614929199219e+01 2.027826881408691406e+01 4.364523291587829590e-01 -1.784767508506774902e-01 -2.039996981620788574e-01 -7.466647624969482422e-01 6.074718236923217773e-01
-2.223008537292480469e+01 1.987199401855468750e+01 3.916705250740051270e-01 -1.857307404279708862e-01 -1.860564351081848145e-01 -6.847192645072937012e-01 6.797401309013366699e-01
-2.247002601623535156e+01 1.953438758850097656e+01 3.645907640457153320e-01 -1.928065419197082520e-01 -2.469845712184906006e-01 -7.292460203170776367e-01 6.082962751388549805e-01
-2.274536895751953125e+01 1.927944183349609375e+01 2.959948778152465820e-01 -2.035943865776062012e-01 -2.913698256015777588e-01 -7.399103045463562012e-01 5.711267590522766113e-01
-2.292881011962890625e+01 1.919402313232421875e+01 2.478829920291900635e-01 -2.068547308444976807e-01 -2.879764437675476074e-01 -7.388713955879211426e-01 5.730181336402893066e-01
-2.325703811645507812e+01 1.915098571777343750e+01 2.189764380455017090e-01 -2.039561867713928223e-01 -1.822155565023422241e-01 -7.391647100448608398e-01 6.154955625534057617e-01
-2.378144454956054688e+01 1.916414833068847656e+01 2.621893286705017090e-01 -1.935232877731323242e-01 -1.929882019758224487e-01 -7.565211653709411621e-01 5.941211581230163574e-01
